[0;33;48m[plugindatabase.h:573] [0;38;48m[0;33;48mFailed to create name base_stereo_camera, interface sensor
[0;38;48m[0;33;48m[colladareader.cpp:2584] [0;38;48m[0;33;48mcannot find instance_sensor for attached sensor pr2:wide_stereo_optical_sensor
[m[0;33;48m[plugindatabase.h:573] [0;38;48m[0;33;48mFailed to create name base_stereo_camera, interface sensor
[0;38;48m[0;33;48m[colladareader.cpp:2584] [0;38;48m[0;33;48mcannot find instance_sensor for attached sensor pr2:narrow_stereo_optical_sensor
[m[0;33;48m[colladareader.cpp:2725] [0;38;48m[0;33;48munprocessed tag: sensor/interface_type[m
[0;33;48m[colladareader.cpp:2725] [0;38;48m[0;33;48munprocessed tag: sensor/interface_type[m
[0;33;48m[colladareader.cpp:2725] [0;38;48m[0;33;48munprocessed tag: sensor/angle_range[m
[0;33;48m[colladareader.cpp:2725] [0;38;48m[0;33;48munprocessed tag: sensor/distance_range[m
[0;33;48m[colladareader.cpp:2725] [0;38;48m[0;33;48munprocessed tag: sensor/angle_increment[m
[0;33;48m[colladareader.cpp:2725] [0;38;48m[0;33;48munprocessed tag: sensor/measurement_time[m
[0;33;48m[colladareader.cpp:2725] [0;38;48m[0;33;48munprocessed tag: sensor/interface_type[m
[0;33;48m[colladareader.cpp:2725] [0;38;48m[0;33;48munprocessed tag: sensor/angle_range[m
[0;33;48m[colladareader.cpp:2725] [0;38;48m[0;33;48munprocessed tag: sensor/distance_range[m
[0;33;48m[colladareader.cpp:2725] [0;38;48m[0;33;48munprocessed tag: sensor/angle_increment[m
[0;33;48m[colladareader.cpp:2725] [0;38;48m[0;33;48munprocessed tag: sensor/measurement_time[m
[0;33;48m[colladareader.cpp:2725] [0;38;48m[0;33;48munprocessed tag: sensor/interface_type[m
[ 0.  0.  1.]
[ 0.  0.  1.]
RODRIGUES
n
[ 0.  0.  1.]
Sn
[[ 0. -1.  0.]
 [ 1.  0. -0.]
 [-0.  0.  0.]]
sin(theta)*Sn
[[ 0.         -0.86602295  0.        ]
 [ 0.86602295  0.         -0.        ]
 [-0.          0.          0.        ]]
(1-cos(theta))*dot(Sn,Sn)
[[-1.50000424  0.          0.        ]
 [ 0.         -1.50000424  0.        ]
 [ 0.          0.          0.        ]]
dot
[[-1.  0.  0.]
 [ 0. -1.  0.]
 [ 0.  0.  0.]]
sum
[[-1.50000424 -0.86602295  0.        ]
 [ 0.86602295 -1.50000424  0.        ]
 [ 0.          0.          0.        ]]
R
[[-0.50000424 -0.86602295  0.        ]
 [ 0.86602295 -0.50000424  0.        ]
 [ 0.          0.          1.        ]]
something [[ 1.  0.  0.  0.]
 [ 0.  1.  0.  0.]
 [ 0.  0.  1.  0.]
 [ 0.  0.  0.  1.]]
something [ 0.  0.  0.]
something [ 0.  0.  0.  1.]
something [[ 1.  0.  0.  1.]
 [ 0.  1.  0.  1.]
 [ 0.  0.  1.  1.]
 [ 0.  0.  0.  1.]]
[[2]
 [2]
 [2]]
axisIdx, axis 0 0.0
axisIdx, axis 1 0.0
axisIdx, axis 2 1.0
RODRIGUES
theta2
0.0
Sr
[[ 0.  0.  0.]
 [ 0.  0. -0.]
 [ 0.  0.  0.]]
(1-theta2/6.)*Sr
[[ 0.  0.  0.]
 [ 0.  0. -0.]
 [ 0.  0.  0.]]
(.5-theta2/24.)*dot(Sr,Sr)
[[ 0.  0.  0.]
 [ 0.  0.  0.]
 [ 0.  0.  0.]]
dot
[[ 0.  0.  0.]
 [ 0.  0.  0.]
 [ 0.  0.  0.]]
sum
[[ 0.  0.  0.]
 [ 0.  0.  0.]
 [ 0.  0.  0.]]
R
[[ 1.  0.  0.]
 [ 0.  1.  0.]
 [ 0.  0.  1.]]
rot [[ 1.  0.  0.]
 [ 0.  1.  0.]
 [ 0.  0.  1.]]
RODRIGUES
n
[ 1.  0.  0.]
Sn
[[ 0. -0.  0.]
 [ 0.  0. -1.]
 [-0.  1.  0.]]
sin(theta)*Sn
[[ 0.         -0.          0.        ]
 [ 0.          0.         -0.70710678]
 [-0.          0.70710678  0.        ]]
(1-cos(theta))*dot(Sn,Sn)
[[ 0.          0.          0.        ]
 [ 0.         -0.29289322  0.        ]
 [ 0.          0.         -0.29289322]]
dot
[[ 0.  0.  0.]
 [ 0. -1.  0.]
 [ 0.  0. -1.]]
sum
[[ 0.          0.          0.        ]
 [ 0.         -0.29289322 -0.70710678]
 [ 0.          0.70710678 -0.29289322]]
R
[[ 1.          0.          0.        ]
 [ 0.          0.70710678 -0.70710678]
 [ 0.          0.70710678  0.70710678]]
rot [[ 1.          0.          0.        ]
 [ 0.          0.70710678 -0.70710678]
 [ 0.          0.70710678  0.70710678]]
RODRIGUES
n
[ 1.  0.  0.]
Sn
[[ 0. -0.  0.]
 [ 0.  0. -1.]
 [-0.  1.  0.]]
sin(theta)*Sn
[[ 0. -0.  0.]
 [ 0.  0. -1.]
 [-0.  1.  0.]]
(1-cos(theta))*dot(Sn,Sn)
[[ 0.  0.  0.]
 [ 0. -1.  0.]
 [ 0.  0. -1.]]
dot
[[ 0.  0.  0.]
 [ 0. -1.  0.]
 [ 0.  0. -1.]]
sum
[[ 0.  0.  0.]
 [ 0. -1. -1.]
 [ 0.  1. -1.]]
R
[[  1.00000000e+00   0.00000000e+00   0.00000000e+00]
 [  0.00000000e+00   1.11022302e-16  -1.00000000e+00]
 [  0.00000000e+00   1.00000000e+00   1.11022302e-16]]
rot [[  1.00000000e+00   0.00000000e+00   0.00000000e+00]
 [  0.00000000e+00   1.11022302e-16  -1.00000000e+00]
 [  0.00000000e+00   1.00000000e+00   1.11022302e-16]]
RODRIGUES
n
[ 1.  0.  0.]
Sn
[[ 0. -0.  0.]
 [ 0.  0. -1.]
 [-0.  1.  0.]]
sin(theta)*Sn
[[ 0.         -0.          0.        ]
 [ 0.          0.         -0.70710678]
 [-0.          0.70710678  0.        ]]
(1-cos(theta))*dot(Sn,Sn)
[[ 0.          0.          0.        ]
 [ 0.         -1.70710678  0.        ]
 [ 0.          0.         -1.70710678]]
dot
[[ 0.  0.  0.]
 [ 0. -1.  0.]
 [ 0.  0. -1.]]
sum
[[ 0.          0.          0.        ]
 [ 0.         -1.70710678 -0.70710678]
 [ 0.          0.70710678 -1.70710678]]
R
[[ 1.          0.          0.        ]
 [ 0.         -0.70710678 -0.70710678]
 [ 0.          0.70710678 -0.70710678]]
rot [[ 1.          0.          0.        ]
 [ 0.         -0.70710678 -0.70710678]
 [ 0.          0.70710678 -0.70710678]]
RODRIGUES
n
[ 1.  0.  0.]
Sn
[[ 0. -0.  0.]
 [ 0.  0. -1.]
 [-0.  1.  0.]]
sin(theta)*Sn
[[  0.00000000e+00  -0.00000000e+00   0.00000000e+00]
 [  0.00000000e+00   0.00000000e+00  -1.22464680e-16]
 [ -0.00000000e+00   1.22464680e-16   0.00000000e+00]]
(1-cos(theta))*dot(Sn,Sn)
[[ 0.  0.  0.]
 [ 0. -2.  0.]
 [ 0.  0. -2.]]
dot
[[ 0.  0.  0.]
 [ 0. -1.  0.]
 [ 0.  0. -1.]]
sum
[[  0.00000000e+00   0.00000000e+00   0.00000000e+00]
 [  0.00000000e+00  -2.00000000e+00  -1.22464680e-16]
 [  0.00000000e+00   1.22464680e-16  -2.00000000e+00]]
R
[[  1.00000000e+00   0.00000000e+00   0.00000000e+00]
 [  0.00000000e+00  -1.00000000e+00  -1.22464680e-16]
 [  0.00000000e+00   1.22464680e-16  -1.00000000e+00]]
rot [[  1.00000000e+00   0.00000000e+00   0.00000000e+00]
 [  0.00000000e+00  -1.00000000e+00  -1.22464680e-16]
 [  0.00000000e+00   1.22464680e-16  -1.00000000e+00]]
RODRIGUES
n
[ 1.  0.  0.]
Sn
[[ 0. -0.  0.]
 [ 0.  0. -1.]
 [-0.  1.  0.]]
sin(theta)*Sn
[[-0.          0.         -0.        ]
 [-0.         -0.          0.70710678]
 [ 0.         -0.70710678 -0.        ]]
(1-cos(theta))*dot(Sn,Sn)
[[ 0.          0.          0.        ]
 [ 0.         -1.70710678  0.        ]
 [ 0.          0.         -1.70710678]]
dot
[[ 0.  0.  0.]
 [ 0. -1.  0.]
 [ 0.  0. -1.]]
sum
[[ 0.          0.          0.        ]
 [ 0.         -1.70710678  0.70710678]
 [ 0.         -0.70710678 -1.70710678]]
R
[[ 1.          0.          0.        ]
 [ 0.         -0.70710678  0.70710678]
 [ 0.         -0.70710678 -0.70710678]]
rot [[ 1.          0.          0.        ]
 [ 0.         -0.70710678  0.70710678]
 [ 0.         -0.70710678 -0.70710678]]
RODRIGUES
n
[ 1.  0.  0.]
Sn
[[ 0. -0.  0.]
 [ 0.  0. -1.]
 [-0.  1.  0.]]
sin(theta)*Sn
[[-0.  0. -0.]
 [-0. -0.  1.]
 [ 0. -1. -0.]]
(1-cos(theta))*dot(Sn,Sn)
[[ 0.  0.  0.]
 [ 0. -1.  0.]
 [ 0.  0. -1.]]
dot
[[ 0.  0.  0.]
 [ 0. -1.  0.]
 [ 0.  0. -1.]]
sum
[[ 0.  0.  0.]
 [ 0. -1.  1.]
 [ 0. -1. -1.]]
R
[[  1.00000000e+00   0.00000000e+00   0.00000000e+00]
 [  0.00000000e+00  -2.22044605e-16   1.00000000e+00]
 [  0.00000000e+00  -1.00000000e+00  -2.22044605e-16]]
rot [[  1.00000000e+00   0.00000000e+00   0.00000000e+00]
 [  0.00000000e+00  -2.22044605e-16   1.00000000e+00]
 [  0.00000000e+00  -1.00000000e+00  -2.22044605e-16]]
RODRIGUES
n
[ 1.  0.  0.]
Sn
[[ 0. -0.  0.]
 [ 0.  0. -1.]
 [-0.  1.  0.]]
sin(theta)*Sn
[[-0.          0.         -0.        ]
 [-0.         -0.          0.70710678]
 [ 0.         -0.70710678 -0.        ]]
(1-cos(theta))*dot(Sn,Sn)
[[ 0.          0.          0.        ]
 [ 0.         -0.29289322  0.        ]
 [ 0.          0.         -0.29289322]]
dot
[[ 0.  0.  0.]
 [ 0. -1.  0.]
 [ 0.  0. -1.]]
sum
[[ 0.          0.          0.        ]
 [ 0.         -0.29289322  0.70710678]
 [ 0.         -0.70710678 -0.29289322]]
R
[[ 1.          0.          0.        ]
 [ 0.          0.70710678  0.70710678]
 [ 0.         -0.70710678  0.70710678]]
rot [[ 1.          0.          0.        ]
 [ 0.          0.70710678  0.70710678]
 [ 0.         -0.70710678  0.70710678]]
RODRIGUES
n
[ 1.  0.  0.]
Sn
[[ 0. -0.  0.]
 [ 0.  0. -1.]
 [-0.  1.  0.]]
sin(theta)*Sn
[[ 0. -0.  0.]
 [ 0.  0. -1.]
 [-0.  1.  0.]]
(1-cos(theta))*dot(Sn,Sn)
[[ 0.  0.  0.]
 [ 0. -1.  0.]
 [ 0.  0. -1.]]
dot
[[ 0.  0.  0.]
 [ 0. -1.  0.]
 [ 0.  0. -1.]]
sum
[[ 0.  0.  0.]
 [ 0. -1. -1.]
 [ 0.  1. -1.]]
R
[[  1.00000000e+00   0.00000000e+00   0.00000000e+00]
 [  0.00000000e+00   1.11022302e-16  -1.00000000e+00]
 [  0.00000000e+00   1.00000000e+00   1.11022302e-16]]
rot1 [[  1.00000000e+00   0.00000000e+00   0.00000000e+00]
 [  0.00000000e+00   1.11022302e-16  -1.00000000e+00]
 [  0.00000000e+00   1.00000000e+00   1.11022302e-16]]
RODRIGUES
theta2
0.0
Sr
[[ 0.  0.  0.]
 [ 0.  0.  0.]
 [-0.  0.  0.]]
(1-theta2/6.)*Sr
[[ 0.  0.  0.]
 [ 0.  0.  0.]
 [-0.  0.  0.]]
(.5-theta2/24.)*dot(Sr,Sr)
[[ 0.  0.  0.]
 [ 0.  0.  0.]
 [ 0.  0.  0.]]
dot
[[ 0.  0.  0.]
 [ 0.  0.  0.]
 [ 0.  0.  0.]]
sum
[[ 0.  0.  0.]
 [ 0.  0.  0.]
 [ 0.  0.  0.]]
R
[[ 1.  0.  0.]
 [ 0.  1.  0.]
 [ 0.  0.  1.]]
RODRIGUES
n
[ 0.  1.  0.]
Sn
[[ 0. -0.  1.]
 [ 0.  0. -0.]
 [-1.  0.  0.]]
sin(theta)*Sn
[[ 0.         -0.          0.70710678]
 [ 0.          0.         -0.        ]
 [-0.70710678  0.          0.        ]]
(1-cos(theta))*dot(Sn,Sn)
[[-0.29289322  0.          0.        ]
 [ 0.          0.          0.        ]
 [ 0.          0.         -0.29289322]]
dot
[[-1.  0.  0.]
 [ 0.  0.  0.]
 [ 0.  0. -1.]]
sum
[[-0.29289322  0.          0.70710678]
 [ 0.          0.          0.        ]
 [-0.70710678  0.         -0.29289322]]
R
[[ 0.70710678  0.          0.70710678]
 [ 0.          1.          0.        ]
 [-0.70710678  0.          0.70710678]]
dot [[  7.07106781e-01   0.00000000e+00   7.07106781e-01]
 [  7.07106781e-01   1.11022302e-16  -7.07106781e-01]
 [ -7.85046229e-17   1.00000000e+00   7.85046229e-17]]
RODRIGUES
n
[ 0.  1.  0.]
Sn
[[ 0. -0.  1.]
 [ 0.  0. -0.]
 [-1.  0.  0.]]
sin(theta)*Sn
[[ 0. -0.  1.]
 [ 0.  0. -0.]
 [-1.  0.  0.]]
(1-cos(theta))*dot(Sn,Sn)
[[-1.  0.  0.]
 [ 0.  0.  0.]
 [ 0.  0. -1.]]
dot
[[-1.  0.  0.]
 [ 0.  0.  0.]
 [ 0.  0. -1.]]
sum
[[-1.  0.  1.]
 [ 0.  0.  0.]
 [-1.  0. -1.]]
R
[[  1.11022302e-16   0.00000000e+00   1.00000000e+00]
 [  0.00000000e+00   1.00000000e+00   0.00000000e+00]
 [ -1.00000000e+00   0.00000000e+00   1.11022302e-16]]
dot [[  1.11022302e-16   0.00000000e+00   1.00000000e+00]
 [  1.00000000e+00   1.11022302e-16  -1.11022302e-16]
 [ -1.11022302e-16   1.00000000e+00   1.23259516e-32]]
RODRIGUES
n
[ 0.  1.  0.]
Sn
[[ 0. -0.  1.]
 [ 0.  0. -0.]
 [-1.  0.  0.]]
sin(theta)*Sn
[[ 0.         -0.          0.70710678]
 [ 0.          0.         -0.        ]
 [-0.70710678  0.          0.        ]]
(1-cos(theta))*dot(Sn,Sn)
[[-1.70710678  0.          0.        ]
 [ 0.          0.          0.        ]
 [ 0.          0.         -1.70710678]]
dot
[[-1.  0.  0.]
 [ 0.  0.  0.]
 [ 0.  0. -1.]]
sum
[[-1.70710678  0.          0.70710678]
 [ 0.          0.          0.        ]
 [-0.70710678  0.         -1.70710678]]
R
[[-0.70710678  0.          0.70710678]
 [ 0.          1.          0.        ]
 [-0.70710678  0.         -0.70710678]]
dot [[ -7.07106781e-01   0.00000000e+00   7.07106781e-01]
 [  7.07106781e-01   1.11022302e-16   7.07106781e-01]
 [ -7.85046229e-17   1.00000000e+00  -7.85046229e-17]]
RODRIGUES
n
[ 0.  1.  0.]
Sn
[[ 0. -0.  1.]
 [ 0.  0. -0.]
 [-1.  0.  0.]]
sin(theta)*Sn
[[  0.00000000e+00  -0.00000000e+00   1.22464680e-16]
 [  0.00000000e+00   0.00000000e+00  -0.00000000e+00]
 [ -1.22464680e-16   0.00000000e+00   0.00000000e+00]]
(1-cos(theta))*dot(Sn,Sn)
[[-2.  0.  0.]
 [ 0.  0.  0.]
 [ 0.  0. -2.]]
dot
[[-1.  0.  0.]
 [ 0.  0.  0.]
 [ 0.  0. -1.]]
sum
[[ -2.00000000e+00   0.00000000e+00   1.22464680e-16]
 [  0.00000000e+00   0.00000000e+00   0.00000000e+00]
 [ -1.22464680e-16   0.00000000e+00  -2.00000000e+00]]
R
[[ -1.00000000e+00   0.00000000e+00   1.22464680e-16]
 [  0.00000000e+00   1.00000000e+00   0.00000000e+00]
 [ -1.22464680e-16   0.00000000e+00  -1.00000000e+00]]
RODRIGUES
n
[ 0.  1.  0.]
Sn
[[ 0. -0.  1.]
 [ 0.  0. -0.]
 [-1.  0.  0.]]
sin(theta)*Sn
[[-0.          0.         -0.70710678]
 [-0.         -0.          0.        ]
 [ 0.70710678 -0.         -0.        ]]
(1-cos(theta))*dot(Sn,Sn)
[[-1.70710678  0.          0.        ]
 [ 0.          0.          0.        ]
 [ 0.          0.         -1.70710678]]
dot
[[-1.  0.  0.]
 [ 0.  0.  0.]
 [ 0.  0. -1.]]
sum
[[-1.70710678  0.         -0.70710678]
 [ 0.          0.          0.        ]
 [ 0.70710678  0.         -1.70710678]]
R
[[-0.70710678  0.         -0.70710678]
 [ 0.          1.          0.        ]
 [ 0.70710678  0.         -0.70710678]]
dot [[ -7.07106781e-01   0.00000000e+00  -7.07106781e-01]
 [ -7.07106781e-01   1.11022302e-16   7.07106781e-01]
 [  7.85046229e-17   1.00000000e+00  -7.85046229e-17]]
RODRIGUES
n
[ 0.  1.  0.]
Sn
[[ 0. -0.  1.]
 [ 0.  0. -0.]
 [-1.  0.  0.]]
sin(theta)*Sn
[[-0.  0. -1.]
 [-0. -0.  0.]
 [ 1. -0. -0.]]
(1-cos(theta))*dot(Sn,Sn)
[[-1.  0.  0.]
 [ 0.  0.  0.]
 [ 0.  0. -1.]]
dot
[[-1.  0.  0.]
 [ 0.  0.  0.]
 [ 0.  0. -1.]]
sum
[[-1.  0. -1.]
 [ 0.  0.  0.]
 [ 1.  0. -1.]]
R
[[ -2.22044605e-16   0.00000000e+00  -1.00000000e+00]
 [  0.00000000e+00   1.00000000e+00   0.00000000e+00]
 [  1.00000000e+00   0.00000000e+00  -2.22044605e-16]]
dot [[ -2.22044605e-16   0.00000000e+00  -1.00000000e+00]
 [ -1.00000000e+00   1.11022302e-16   2.22044605e-16]
 [  1.11022302e-16   1.00000000e+00  -2.46519033e-32]]
RODRIGUES
n
[ 0.  1.  0.]
Sn
[[ 0. -0.  1.]
 [ 0.  0. -0.]
 [-1.  0.  0.]]
sin(theta)*Sn
[[-0.          0.         -0.70710678]
 [-0.         -0.          0.        ]
 [ 0.70710678 -0.         -0.        ]]
(1-cos(theta))*dot(Sn,Sn)
[[-0.29289322  0.          0.        ]
 [ 0.          0.          0.        ]
 [ 0.          0.         -0.29289322]]
dot
[[-1.  0.  0.]
 [ 0.  0.  0.]
 [ 0.  0. -1.]]
sum
[[-0.29289322  0.         -0.70710678]
 [ 0.          0.          0.        ]
 [ 0.70710678  0.         -0.29289322]]
R
[[ 0.70710678  0.         -0.70710678]
 [ 0.          1.          0.        ]
 [ 0.70710678  0.          0.70710678]]
dot [[  7.07106781e-01   0.00000000e+00  -7.07106781e-01]
 [ -7.07106781e-01   1.11022302e-16  -7.07106781e-01]
 [  7.85046229e-17   1.00000000e+00   7.85046229e-17]]
rm3D [matrix([[ 1.,  0.,  0.],
        [ 0.,  1.,  0.],
        [ 0.,  0.,  1.]]), matrix([[ 1.        ,  0.        ,  0.        ],
        [ 0.        ,  0.70710678, -0.70710678],
        [ 0.        ,  0.70710678,  0.70710678]]), matrix([[  1.00000000e+00,   0.00000000e+00,   0.00000000e+00],
        [  0.00000000e+00,   1.11022302e-16,  -1.00000000e+00],
        [  0.00000000e+00,   1.00000000e+00,   1.11022302e-16]]), matrix([[ 1.        ,  0.        ,  0.        ],
        [ 0.        , -0.70710678, -0.70710678],
        [ 0.        ,  0.70710678, -0.70710678]]), matrix([[  1.00000000e+00,   0.00000000e+00,   0.00000000e+00],
        [  0.00000000e+00,  -1.00000000e+00,  -1.22464680e-16],
        [  0.00000000e+00,   1.22464680e-16,  -1.00000000e+00]]), matrix([[ 1.        ,  0.        ,  0.        ],
        [ 0.        , -0.70710678,  0.70710678],
        [ 0.        , -0.70710678, -0.70710678]]), matrix([[  1.00000000e+00,   0.00000000e+00,   0.00000000e+00],
        [  0.00000000e+00,  -2.22044605e-16,   1.00000000e+00],
        [  0.00000000e+00,  -1.00000000e+00,  -2.22044605e-16]]), matrix([[ 1.        ,  0.        ,  0.        ],
        [ 0.        ,  0.70710678,  0.70710678],
        [ 0.        , -0.70710678,  0.70710678]]), matrix([[  7.07106781e-01,   0.00000000e+00,   7.07106781e-01],
        [  7.07106781e-01,   1.11022302e-16,  -7.07106781e-01],
        [ -7.85046229e-17,   1.00000000e+00,   7.85046229e-17]]), matrix([[  1.11022302e-16,   0.00000000e+00,   1.00000000e+00],
        [  1.00000000e+00,   1.11022302e-16,  -1.11022302e-16],
        [ -1.11022302e-16,   1.00000000e+00,   1.23259516e-32]]), matrix([[ -7.07106781e-01,   0.00000000e+00,   7.07106781e-01],
        [  7.07106781e-01,   1.11022302e-16,   7.07106781e-01],
        [ -7.85046229e-17,   1.00000000e+00,  -7.85046229e-17]]), matrix([[ -7.07106781e-01,   0.00000000e+00,  -7.07106781e-01],
        [ -7.07106781e-01,   1.11022302e-16,   7.07106781e-01],
        [  7.85046229e-17,   1.00000000e+00,  -7.85046229e-17]]), matrix([[ -2.22044605e-16,   0.00000000e+00,  -1.00000000e+00],
        [ -1.00000000e+00,   1.11022302e-16,   2.22044605e-16],
        [  1.11022302e-16,   1.00000000e+00,  -2.46519033e-32]]), matrix([[  7.07106781e-01,   0.00000000e+00,  -7.07106781e-01],
        [ -7.07106781e-01,   1.11022302e-16,  -7.07106781e-01],
        [  7.85046229e-17,   1.00000000e+00,   7.85046229e-17]])]
rIdx, r 0 [[ 1.  0.  0.]
 [ 0.  1.  0.]
 [ 0.  0.  1.]]
RODRIGUES
n
[ 0.  0.  1.]
Sn
[[ 0. -1.  0.]
 [ 1.  0. -0.]
 [-0.  0.  0.]]
sin(theta)*Sn
[[ 0.  -0.5  0. ]
 [ 0.5  0.  -0. ]
 [-0.   0.   0. ]]
(1-cos(theta))*dot(Sn,Sn)
[[-0.1339746  0.         0.       ]
 [ 0.        -0.1339746  0.       ]
 [ 0.         0.         0.       ]]
dot
[[-1.  0.  0.]
 [ 0. -1.  0.]
 [ 0.  0.  0.]]
sum
[[-0.1339746 -0.5        0.       ]
 [ 0.5       -0.1339746  0.       ]
 [ 0.         0.         0.       ]]
R
[[ 0.8660254 -0.5        0.       ]
 [ 0.5        0.8660254  0.       ]
 [ 0.         0.         1.       ]]
RODRIGUES
n
[ 0.  0.  1.]
Sn
[[ 0. -1.  0.]
 [ 1.  0. -0.]
 [-0.  0.  0.]]
sin(theta)*Sn
[[ 0.        -0.8660254  0.       ]
 [ 0.8660254  0.        -0.       ]
 [-0.         0.         0.       ]]
(1-cos(theta))*dot(Sn,Sn)
[[-0.5  0.   0. ]
 [ 0.  -0.5  0. ]
 [ 0.   0.   0. ]]
dot
[[-1.  0.  0.]
 [ 0. -1.  0.]
 [ 0.  0.  0.]]
sum
[[-0.5       -0.8660254  0.       ]
 [ 0.8660254 -0.5        0.       ]
 [ 0.         0.         0.       ]]
R
[[ 0.5       -0.8660254  0.       ]
 [ 0.8660254  0.5        0.       ]
 [ 0.         0.         1.       ]]
RODRIGUES
n
[ 0.  0.  1.]
Sn
[[ 0. -1.  0.]
 [ 1.  0. -0.]
 [-0.  0.  0.]]
sin(theta)*Sn
[[ 0. -1.  0.]
 [ 1.  0. -0.]
 [-0.  0.  0.]]
(1-cos(theta))*dot(Sn,Sn)
[[-1.  0.  0.]
 [ 0. -1.  0.]
 [ 0.  0.  0.]]
dot
[[-1.  0.  0.]
 [ 0. -1.  0.]
 [ 0.  0.  0.]]
sum
[[-1. -1.  0.]
 [ 1. -1.  0.]
 [ 0.  0.  0.]]
R
[[  1.11022302e-16  -1.00000000e+00   0.00000000e+00]
 [  1.00000000e+00   1.11022302e-16   0.00000000e+00]
 [  0.00000000e+00   0.00000000e+00   1.00000000e+00]]
RODRIGUES
n
[ 0.  0.  1.]
Sn
[[ 0. -1.  0.]
 [ 1.  0. -0.]
 [-0.  0.  0.]]
sin(theta)*Sn
[[ 0.        -0.8660254  0.       ]
 [ 0.8660254  0.        -0.       ]
 [-0.         0.         0.       ]]
(1-cos(theta))*dot(Sn,Sn)
[[-1.5  0.   0. ]
 [ 0.  -1.5  0. ]
 [ 0.   0.   0. ]]
dot
[[-1.  0.  0.]
 [ 0. -1.  0.]
 [ 0.  0.  0.]]
sum
[[-1.5       -0.8660254  0.       ]
 [ 0.8660254 -1.5        0.       ]
 [ 0.         0.         0.       ]]
R
[[-0.5       -0.8660254  0.       ]
 [ 0.8660254 -0.5        0.       ]
 [ 0.         0.         1.       ]]
RODRIGUES
n
[ 0.  0.  1.]
Sn
[[ 0. -1.  0.]
 [ 1.  0. -0.]
 [-0.  0.  0.]]
sin(theta)*Sn
[[ 0.  -0.5  0. ]
 [ 0.5  0.  -0. ]
 [-0.   0.   0. ]]
(1-cos(theta))*dot(Sn,Sn)
[[-1.8660254  0.         0.       ]
 [ 0.        -1.8660254  0.       ]
 [ 0.         0.         0.       ]]
dot
[[-1.  0.  0.]
 [ 0. -1.  0.]
 [ 0.  0.  0.]]
sum
[[-1.8660254 -0.5        0.       ]
 [ 0.5       -1.8660254  0.       ]
 [ 0.         0.         0.       ]]
R
[[-0.8660254 -0.5        0.       ]
 [ 0.5       -0.8660254  0.       ]
 [ 0.         0.         1.       ]]
RODRIGUES
n
[ 0.  0.  1.]
Sn
[[ 0. -1.  0.]
 [ 1.  0. -0.]
 [-0.  0.  0.]]
sin(theta)*Sn
[[  0.00000000e+00  -1.22464680e-16   0.00000000e+00]
 [  1.22464680e-16   0.00000000e+00  -0.00000000e+00]
 [ -0.00000000e+00   0.00000000e+00   0.00000000e+00]]
(1-cos(theta))*dot(Sn,Sn)
[[-2.  0.  0.]
 [ 0. -2.  0.]
 [ 0.  0.  0.]]
dot
[[-1.  0.  0.]
 [ 0. -1.  0.]
 [ 0.  0.  0.]]
sum
[[ -2.00000000e+00  -1.22464680e-16   0.00000000e+00]
 [  1.22464680e-16  -2.00000000e+00   0.00000000e+00]
 [  0.00000000e+00   0.00000000e+00   0.00000000e+00]]
R
[[ -1.00000000e+00  -1.22464680e-16   0.00000000e+00]
 [  1.22464680e-16  -1.00000000e+00   0.00000000e+00]
 [  0.00000000e+00   0.00000000e+00   1.00000000e+00]]
RODRIGUES
n
[ 0.  0.  1.]
Sn
[[ 0. -1.  0.]
 [ 1.  0. -0.]
 [-0.  0.  0.]]
sin(theta)*Sn
[[-0.   0.5 -0. ]
 [-0.5 -0.   0. ]
 [ 0.  -0.  -0. ]]
(1-cos(theta))*dot(Sn,Sn)
[[-1.8660254  0.         0.       ]
 [ 0.        -1.8660254  0.       ]
 [ 0.         0.         0.       ]]
dot
[[-1.  0.  0.]
 [ 0. -1.  0.]
 [ 0.  0.  0.]]
sum
[[-1.8660254  0.5        0.       ]
 [-0.5       -1.8660254  0.       ]
 [ 0.         0.         0.       ]]
R
[[-0.8660254  0.5        0.       ]
 [-0.5       -0.8660254  0.       ]
 [ 0.         0.         1.       ]]
RODRIGUES
n
[ 0.  0.  1.]
Sn
[[ 0. -1.  0.]
 [ 1.  0. -0.]
 [-0.  0.  0.]]
sin(theta)*Sn
[[-0.         0.8660254 -0.       ]
 [-0.8660254 -0.         0.       ]
 [ 0.        -0.        -0.       ]]
(1-cos(theta))*dot(Sn,Sn)
[[-1.5  0.   0. ]
 [ 0.  -1.5  0. ]
 [ 0.   0.   0. ]]
dot
[[-1.  0.  0.]
 [ 0. -1.  0.]
 [ 0.  0.  0.]]
sum
[[-1.5        0.8660254  0.       ]
 [-0.8660254 -1.5        0.       ]
 [ 0.         0.         0.       ]]
R
[[-0.5        0.8660254  0.       ]
 [-0.8660254 -0.5        0.       ]
 [ 0.         0.         1.       ]]
RODRIGUES
n
[ 0.  0.  1.]
Sn
[[ 0. -1.  0.]
 [ 1.  0. -0.]
 [-0.  0.  0.]]
sin(theta)*Sn
[[-0.  1. -0.]
 [-1. -0.  0.]
 [ 0. -0. -0.]]
(1-cos(theta))*dot(Sn,Sn)
[[-1.  0.  0.]
 [ 0. -1.  0.]
 [ 0.  0.  0.]]
dot
[[-1.  0.  0.]
 [ 0. -1.  0.]
 [ 0.  0.  0.]]
sum
[[-1.  1.  0.]
 [-1. -1.  0.]
 [ 0.  0.  0.]]
R
[[ -2.22044605e-16   1.00000000e+00   0.00000000e+00]
 [ -1.00000000e+00  -2.22044605e-16   0.00000000e+00]
 [  0.00000000e+00   0.00000000e+00   1.00000000e+00]]
RODRIGUES
n
[ 0.  0.  1.]
Sn
[[ 0. -1.  0.]
 [ 1.  0. -0.]
 [-0.  0.  0.]]
sin(theta)*Sn
[[-0.         0.8660254 -0.       ]
 [-0.8660254 -0.         0.       ]
 [ 0.        -0.        -0.       ]]
(1-cos(theta))*dot(Sn,Sn)
[[-0.5  0.   0. ]
 [ 0.  -0.5  0. ]
 [ 0.   0.   0. ]]
dot
[[-1.  0.  0.]
 [ 0. -1.  0.]
 [ 0.  0.  0.]]
sum
[[-0.5        0.8660254  0.       ]
 [-0.8660254 -0.5        0.       ]
 [ 0.         0.         0.       ]]
R
[[ 0.5        0.8660254  0.       ]
 [-0.8660254  0.5        0.       ]
 [ 0.         0.         1.       ]]
RODRIGUES
n
[ 0.  0.  1.]
Sn
[[ 0. -1.  0.]
 [ 1.  0. -0.]
 [-0.  0.  0.]]
sin(theta)*Sn
[[-0.   0.5 -0. ]
 [-0.5 -0.   0. ]
 [ 0.  -0.  -0. ]]
(1-cos(theta))*dot(Sn,Sn)
[[-0.1339746  0.         0.       ]
 [ 0.        -0.1339746  0.       ]
 [ 0.         0.         0.       ]]
dot
[[-1.  0.  0.]
 [ 0. -1.  0.]
 [ 0.  0.  0.]]
sum
[[-0.1339746  0.5        0.       ]
 [-0.5       -0.1339746  0.       ]
 [ 0.         0.         0.       ]]
R
[[ 0.8660254  0.5        0.       ]
 [-0.5        0.8660254  0.       ]
 [ 0.         0.         1.       ]]
rIdx, r 1 [[ 1.          0.          0.        ]
 [ 0.          0.70710678 -0.70710678]
 [ 0.          0.70710678  0.70710678]]
RODRIGUES
n
[ 0.  0.  1.]
Sn
[[ 0. -1.  0.]
 [ 1.  0. -0.]
 [-0.  0.  0.]]
sin(theta)*Sn
[[ 0.  -0.5  0. ]
 [ 0.5  0.  -0. ]
 [-0.   0.   0. ]]
(1-cos(theta))*dot(Sn,Sn)
[[-0.1339746  0.         0.       ]
 [ 0.        -0.1339746  0.       ]
 [ 0.         0.         0.       ]]
dot
[[-1.  0.  0.]
 [ 0. -1.  0.]
 [ 0.  0.  0.]]
sum
[[-0.1339746 -0.5        0.       ]
 [ 0.5       -0.1339746  0.       ]
 [ 0.         0.         0.       ]]
R
[[ 0.8660254 -0.5        0.       ]
 [ 0.5        0.8660254  0.       ]
 [ 0.         0.         1.       ]]
RODRIGUES
n
[ 0.  0.  1.]
Sn
[[ 0. -1.  0.]
 [ 1.  0. -0.]
 [-0.  0.  0.]]
sin(theta)*Sn
[[ 0.        -0.8660254  0.       ]
 [ 0.8660254  0.        -0.       ]
 [-0.         0.         0.       ]]
(1-cos(theta))*dot(Sn,Sn)
[[-0.5  0.   0. ]
 [ 0.  -0.5  0. ]
 [ 0.   0.   0. ]]
dot
[[-1.  0.  0.]
 [ 0. -1.  0.]
 [ 0.  0.  0.]]
sum
[[-0.5       -0.8660254  0.       ]
 [ 0.8660254 -0.5        0.       ]
 [ 0.         0.         0.       ]]
R
[[ 0.5       -0.8660254  0.       ]
 [ 0.8660254  0.5        0.       ]
 [ 0.         0.         1.       ]]
RODRIGUES
n
[ 0.  0.  1.]
Sn
[[ 0. -1.  0.]
 [ 1.  0. -0.]
 [-0.  0.  0.]]
sin(theta)*Sn
[[ 0. -1.  0.]
 [ 1.  0. -0.]
 [-0.  0.  0.]]
(1-cos(theta))*dot(Sn,Sn)
[[-1.  0.  0.]
 [ 0. -1.  0.]
 [ 0.  0.  0.]]
dot
[[-1.  0.  0.]
 [ 0. -1.  0.]
 [ 0.  0.  0.]]
sum
[[-1. -1.  0.]
 [ 1. -1.  0.]
 [ 0.  0.  0.]]
R
[[  1.11022302e-16  -1.00000000e+00   0.00000000e+00]
 [  1.00000000e+00   1.11022302e-16   0.00000000e+00]
 [  0.00000000e+00   0.00000000e+00   1.00000000e+00]]
RODRIGUES
n
[ 0.  0.  1.]
Sn
[[ 0. -1.  0.]
 [ 1.  0. -0.]
 [-0.  0.  0.]]
sin(theta)*Sn
[[ 0.        -0.8660254  0.       ]
 [ 0.8660254  0.        -0.       ]
 [-0.         0.         0.       ]]
(1-cos(theta))*dot(Sn,Sn)
[[-1.5  0.   0. ]
 [ 0.  -1.5  0. ]
 [ 0.   0.   0. ]]
dot
[[-1.  0.  0.]
 [ 0. -1.  0.]
 [ 0.  0.  0.]]
sum
[[-1.5       -0.8660254  0.       ]
 [ 0.8660254 -1.5        0.       ]
 [ 0.         0.         0.       ]]
R
[[-0.5       -0.8660254  0.       ]
 [ 0.8660254 -0.5        0.       ]
 [ 0.         0.         1.       ]]
RODRIGUES
n
[ 0.  0.  1.]
Sn
[[ 0. -1.  0.]
 [ 1.  0. -0.]
 [-0.  0.  0.]]
sin(theta)*Sn
[[ 0.  -0.5  0. ]
 [ 0.5  0.  -0. ]
 [-0.   0.   0. ]]
(1-cos(theta))*dot(Sn,Sn)
[[-1.8660254  0.         0.       ]
 [ 0.        -1.8660254  0.       ]
 [ 0.         0.         0.       ]]
dot
[[-1.  0.  0.]
 [ 0. -1.  0.]
 [ 0.  0.  0.]]
sum
[[-1.8660254 -0.5        0.       ]
 [ 0.5       -1.8660254  0.       ]
 [ 0.         0.         0.       ]]
R
[[-0.8660254 -0.5        0.       ]
 [ 0.5       -0.8660254  0.       ]
 [ 0.         0.         1.       ]]
RODRIGUES
n
[ 0.  0.  1.]
Sn
[[ 0. -1.  0.]
 [ 1.  0. -0.]
 [-0.  0.  0.]]
sin(theta)*Sn
[[  0.00000000e+00  -1.22464680e-16   0.00000000e+00]
 [  1.22464680e-16   0.00000000e+00  -0.00000000e+00]
 [ -0.00000000e+00   0.00000000e+00   0.00000000e+00]]
(1-cos(theta))*dot(Sn,Sn)
[[-2.  0.  0.]
 [ 0. -2.  0.]
 [ 0.  0.  0.]]
dot
[[-1.  0.  0.]
 [ 0. -1.  0.]
 [ 0.  0.  0.]]
sum
[[ -2.00000000e+00  -1.22464680e-16   0.00000000e+00]
 [  1.22464680e-16  -2.00000000e+00   0.00000000e+00]
 [  0.00000000e+00   0.00000000e+00   0.00000000e+00]]
R
[[ -1.00000000e+00  -1.22464680e-16   0.00000000e+00]
 [  1.22464680e-16  -1.00000000e+00   0.00000000e+00]
 [  0.00000000e+00   0.00000000e+00   1.00000000e+00]]
RODRIGUES
n
[ 0.  0.  1.]
Sn
[[ 0. -1.  0.]
 [ 1.  0. -0.]
 [-0.  0.  0.]]
sin(theta)*Sn
[[-0.   0.5 -0. ]
 [-0.5 -0.   0. ]
 [ 0.  -0.  -0. ]]
(1-cos(theta))*dot(Sn,Sn)
[[-1.8660254  0.         0.       ]
 [ 0.        -1.8660254  0.       ]
 [ 0.         0.         0.       ]]
dot
[[-1.  0.  0.]
 [ 0. -1.  0.]
 [ 0.  0.  0.]]
sum
[[-1.8660254  0.5        0.       ]
 [-0.5       -1.8660254  0.       ]
 [ 0.         0.         0.       ]]
R
[[-0.8660254  0.5        0.       ]
 [-0.5       -0.8660254  0.       ]
 [ 0.         0.         1.       ]]
RODRIGUES
n
[ 0.  0.  1.]
Sn
[[ 0. -1.  0.]
 [ 1.  0. -0.]
 [-0.  0.  0.]]
sin(theta)*Sn
[[-0.         0.8660254 -0.       ]
 [-0.8660254 -0.         0.       ]
 [ 0.        -0.        -0.       ]]
(1-cos(theta))*dot(Sn,Sn)
[[-1.5  0.   0. ]
 [ 0.  -1.5  0. ]
 [ 0.   0.   0. ]]
dot
[[-1.  0.  0.]
 [ 0. -1.  0.]
 [ 0.  0.  0.]]
sum
[[-1.5        0.8660254  0.       ]
 [-0.8660254 -1.5        0.       ]
 [ 0.         0.         0.       ]]
R
[[-0.5        0.8660254  0.       ]
 [-0.8660254 -0.5        0.       ]
 [ 0.         0.         1.       ]]
RODRIGUES
n
[ 0.  0.  1.]
Sn
[[ 0. -1.  0.]
 [ 1.  0. -0.]
 [-0.  0.  0.]]
sin(theta)*Sn
[[-0.  1. -0.]
 [-1. -0.  0.]
 [ 0. -0. -0.]]
(1-cos(theta))*dot(Sn,Sn)
[[-1.  0.  0.]
 [ 0. -1.  0.]
 [ 0.  0.  0.]]
dot
[[-1.  0.  0.]
 [ 0. -1.  0.]
 [ 0.  0.  0.]]
sum
[[-1.  1.  0.]
 [-1. -1.  0.]
 [ 0.  0.  0.]]
R
[[ -2.22044605e-16   1.00000000e+00   0.00000000e+00]
 [ -1.00000000e+00  -2.22044605e-16   0.00000000e+00]
 [  0.00000000e+00   0.00000000e+00   1.00000000e+00]]
RODRIGUES
n
[ 0.  0.  1.]
Sn
[[ 0. -1.  0.]
 [ 1.  0. -0.]
 [-0.  0.  0.]]
sin(theta)*Sn
[[-0.         0.8660254 -0.       ]
 [-0.8660254 -0.         0.       ]
 [ 0.        -0.        -0.       ]]
(1-cos(theta))*dot(Sn,Sn)
[[-0.5  0.   0. ]
 [ 0.  -0.5  0. ]
 [ 0.   0.   0. ]]
dot
[[-1.  0.  0.]
 [ 0. -1.  0.]
 [ 0.  0.  0.]]
sum
[[-0.5        0.8660254  0.       ]
 [-0.8660254 -0.5        0.       ]
 [ 0.         0.         0.       ]]
R
[[ 0.5        0.8660254  0.       ]
 [-0.8660254  0.5        0.       ]
 [ 0.         0.         1.       ]]
RODRIGUES
n
[ 0.  0.  1.]
Sn
[[ 0. -1.  0.]
 [ 1.  0. -0.]
 [-0.  0.  0.]]
sin(theta)*Sn
[[-0.   0.5 -0. ]
 [-0.5 -0.   0. ]
 [ 0.  -0.  -0. ]]
(1-cos(theta))*dot(Sn,Sn)
[[-0.1339746  0.         0.       ]
 [ 0.        -0.1339746  0.       ]
 [ 0.         0.         0.       ]]
dot
[[-1.  0.  0.]
 [ 0. -1.  0.]
 [ 0.  0.  0.]]
sum
[[-0.1339746  0.5        0.       ]
 [-0.5       -0.1339746  0.       ]
 [ 0.         0.         0.       ]]
R
[[ 0.8660254  0.5        0.       ]
 [-0.5        0.8660254  0.       ]
 [ 0.         0.         1.       ]]
rIdx, r 2 [[  1.00000000e+00   0.00000000e+00   0.00000000e+00]
 [  0.00000000e+00   1.11022302e-16  -1.00000000e+00]
 [  0.00000000e+00   1.00000000e+00   1.11022302e-16]]
RODRIGUES
n
[ 0.  0.  1.]
Sn
[[ 0. -1.  0.]
 [ 1.  0. -0.]
 [-0.  0.  0.]]
sin(theta)*Sn
[[ 0.  -0.5  0. ]
 [ 0.5  0.  -0. ]
 [-0.   0.   0. ]]
(1-cos(theta))*dot(Sn,Sn)
[[-0.1339746  0.         0.       ]
 [ 0.        -0.1339746  0.       ]
 [ 0.         0.         0.       ]]
dot
[[-1.  0.  0.]
 [ 0. -1.  0.]
 [ 0.  0.  0.]]
sum
[[-0.1339746 -0.5        0.       ]
 [ 0.5       -0.1339746  0.       ]
 [ 0.         0.         0.       ]]
R
[[ 0.8660254 -0.5        0.       ]
 [ 0.5        0.8660254  0.       ]
 [ 0.         0.         1.       ]]
RODRIGUES
n
[ 0.  0.  1.]
Sn
[[ 0. -1.  0.]
 [ 1.  0. -0.]
 [-0.  0.  0.]]
sin(theta)*Sn
[[ 0.        -0.8660254  0.       ]
 [ 0.8660254  0.        -0.       ]
 [-0.         0.         0.       ]]
(1-cos(theta))*dot(Sn,Sn)
[[-0.5  0.   0. ]
 [ 0.  -0.5  0. ]
 [ 0.   0.   0. ]]
dot
[[-1.  0.  0.]
 [ 0. -1.  0.]
 [ 0.  0.  0.]]
sum
[[-0.5       -0.8660254  0.       ]
 [ 0.8660254 -0.5        0.       ]
 [ 0.         0.         0.       ]]
R
[[ 0.5       -0.8660254  0.       ]
 [ 0.8660254  0.5        0.       ]
 [ 0.         0.         1.       ]]
RODRIGUES
n
[ 0.  0.  1.]
Sn
[[ 0. -1.  0.]
 [ 1.  0. -0.]
 [-0.  0.  0.]]
sin(theta)*Sn
[[ 0. -1.  0.]
 [ 1.  0. -0.]
 [-0.  0.  0.]]
(1-cos(theta))*dot(Sn,Sn)
[[-1.  0.  0.]
 [ 0. -1.  0.]
 [ 0.  0.  0.]]
dot
[[-1.  0.  0.]
 [ 0. -1.  0.]
 [ 0.  0.  0.]]
sum
[[-1. -1.  0.]
 [ 1. -1.  0.]
 [ 0.  0.  0.]]
R
[[  1.11022302e-16  -1.00000000e+00   0.00000000e+00]
 [  1.00000000e+00   1.11022302e-16   0.00000000e+00]
 [  0.00000000e+00   0.00000000e+00   1.00000000e+00]]
RODRIGUES
n
[ 0.  0.  1.]
Sn
[[ 0. -1.  0.]
 [ 1.  0. -0.]
 [-0.  0.  0.]]
sin(theta)*Sn
[[ 0.        -0.8660254  0.       ]
 [ 0.8660254  0.        -0.       ]
 [-0.         0.         0.       ]]
(1-cos(theta))*dot(Sn,Sn)
[[-1.5  0.   0. ]
 [ 0.  -1.5  0. ]
 [ 0.   0.   0. ]]
dot
[[-1.  0.  0.]
 [ 0. -1.  0.]
 [ 0.  0.  0.]]
sum
[[-1.5       -0.8660254  0.       ]
 [ 0.8660254 -1.5        0.       ]
 [ 0.         0.         0.       ]]
R
[[-0.5       -0.8660254  0.       ]
 [ 0.8660254 -0.5        0.       ]
 [ 0.         0.         1.       ]]
RODRIGUES
n
[ 0.  0.  1.]
Sn
[[ 0. -1.  0.]
 [ 1.  0. -0.]
 [-0.  0.  0.]]
sin(theta)*Sn
[[ 0.  -0.5  0. ]
 [ 0.5  0.  -0. ]
 [-0.   0.   0. ]]
(1-cos(theta))*dot(Sn,Sn)
[[-1.8660254  0.         0.       ]
 [ 0.        -1.8660254  0.       ]
 [ 0.         0.         0.       ]]
dot
[[-1.  0.  0.]
 [ 0. -1.  0.]
 [ 0.  0.  0.]]
sum
[[-1.8660254 -0.5        0.       ]
 [ 0.5       -1.8660254  0.       ]
 [ 0.         0.         0.       ]]
R
[[-0.8660254 -0.5        0.       ]
 [ 0.5       -0.8660254  0.       ]
 [ 0.         0.         1.       ]]
RODRIGUES
n
[ 0.  0.  1.]
Sn
[[ 0. -1.  0.]
 [ 1.  0. -0.]
 [-0.  0.  0.]]
sin(theta)*Sn
[[  0.00000000e+00  -1.22464680e-16   0.00000000e+00]
 [  1.22464680e-16   0.00000000e+00  -0.00000000e+00]
 [ -0.00000000e+00   0.00000000e+00   0.00000000e+00]]
(1-cos(theta))*dot(Sn,Sn)
[[-2.  0.  0.]
 [ 0. -2.  0.]
 [ 0.  0.  0.]]
dot
[[-1.  0.  0.]
 [ 0. -1.  0.]
 [ 0.  0.  0.]]
sum
[[ -2.00000000e+00  -1.22464680e-16   0.00000000e+00]
 [  1.22464680e-16  -2.00000000e+00   0.00000000e+00]
 [  0.00000000e+00   0.00000000e+00   0.00000000e+00]]
R
[[ -1.00000000e+00  -1.22464680e-16   0.00000000e+00]
 [  1.22464680e-16  -1.00000000e+00   0.00000000e+00]
 [  0.00000000e+00   0.00000000e+00   1.00000000e+00]]
RODRIGUES
n
[ 0.  0.  1.]
Sn
[[ 0. -1.  0.]
 [ 1.  0. -0.]
 [-0.  0.  0.]]
sin(theta)*Sn
[[-0.   0.5 -0. ]
 [-0.5 -0.   0. ]
 [ 0.  -0.  -0. ]]
(1-cos(theta))*dot(Sn,Sn)
[[-1.8660254  0.         0.       ]
 [ 0.        -1.8660254  0.       ]
 [ 0.         0.         0.       ]]
dot
[[-1.  0.  0.]
 [ 0. -1.  0.]
 [ 0.  0.  0.]]
sum
[[-1.8660254  0.5        0.       ]
 [-0.5       -1.8660254  0.       ]
 [ 0.         0.         0.       ]]
R
[[-0.8660254  0.5        0.       ]
 [-0.5       -0.8660254  0.       ]
 [ 0.         0.         1.       ]]
RODRIGUES
n
[ 0.  0.  1.]
Sn
[[ 0. -1.  0.]
 [ 1.  0. -0.]
 [-0.  0.  0.]]
sin(theta)*Sn
[[-0.         0.8660254 -0.       ]
 [-0.8660254 -0.         0.       ]
 [ 0.        -0.        -0.       ]]
(1-cos(theta))*dot(Sn,Sn)
[[-1.5  0.   0. ]
 [ 0.  -1.5  0. ]
 [ 0.   0.   0. ]]
dot
[[-1.  0.  0.]
 [ 0. -1.  0.]
 [ 0.  0.  0.]]
sum
[[-1.5        0.8660254  0.       ]
 [-0.8660254 -1.5        0.       ]
 [ 0.         0.         0.       ]]
R
[[-0.5        0.8660254  0.       ]
 [-0.8660254 -0.5        0.       ]
 [ 0.         0.         1.       ]]
RODRIGUES
n
[ 0.  0.  1.]
Sn
[[ 0. -1.  0.]
 [ 1.  0. -0.]
 [-0.  0.  0.]]
sin(theta)*Sn
[[-0.  1. -0.]
 [-1. -0.  0.]
 [ 0. -0. -0.]]
(1-cos(theta))*dot(Sn,Sn)
[[-1.  0.  0.]
 [ 0. -1.  0.]
 [ 0.  0.  0.]]
dot
[[-1.  0.  0.]
 [ 0. -1.  0.]
 [ 0.  0.  0.]]
sum
[[-1.  1.  0.]
 [-1. -1.  0.]
 [ 0.  0.  0.]]
R
[[ -2.22044605e-16   1.00000000e+00   0.00000000e+00]
 [ -1.00000000e+00  -2.22044605e-16   0.00000000e+00]
 [  0.00000000e+00   0.00000000e+00   1.00000000e+00]]
RODRIGUES
n
[ 0.  0.  1.]
Sn
[[ 0. -1.  0.]
 [ 1.  0. -0.]
 [-0.  0.  0.]]
sin(theta)*Sn
[[-0.         0.8660254 -0.       ]
 [-0.8660254 -0.         0.       ]
 [ 0.        -0.        -0.       ]]
(1-cos(theta))*dot(Sn,Sn)
[[-0.5  0.   0. ]
 [ 0.  -0.5  0. ]
 [ 0.   0.   0. ]]
dot
[[-1.  0.  0.]
 [ 0. -1.  0.]
 [ 0.  0.  0.]]
sum
[[-0.5        0.8660254  0.       ]
 [-0.8660254 -0.5        0.       ]
 [ 0.         0.         0.       ]]
R
[[ 0.5        0.8660254  0.       ]
 [-0.8660254  0.5        0.       ]
 [ 0.         0.         1.       ]]
RODRIGUES
n
[ 0.  0.  1.]
Sn
[[ 0. -1.  0.]
 [ 1.  0. -0.]
 [-0.  0.  0.]]
sin(theta)*Sn
[[-0.   0.5 -0. ]
 [-0.5 -0.   0. ]
 [ 0.  -0.  -0. ]]
(1-cos(theta))*dot(Sn,Sn)
[[-0.1339746  0.         0.       ]
 [ 0.        -0.1339746  0.       ]
 [ 0.         0.         0.       ]]
dot
[[-1.  0.  0.]
 [ 0. -1.  0.]
 [ 0.  0.  0.]]
sum
[[-0.1339746  0.5        0.       ]
 [-0.5       -0.1339746  0.       ]
 [ 0.         0.         0.       ]]
R
[[ 0.8660254  0.5        0.       ]
 [-0.5        0.8660254  0.       ]
 [ 0.         0.         1.       ]]
rIdx, r 3 [[ 1.          0.          0.        ]
 [ 0.         -0.70710678 -0.70710678]
 [ 0.          0.70710678 -0.70710678]]
RODRIGUES
n
[ 0.  0.  1.]
Sn
[[ 0. -1.  0.]
 [ 1.  0. -0.]
 [-0.  0.  0.]]
sin(theta)*Sn
[[ 0.  -0.5  0. ]
 [ 0.5  0.  -0. ]
 [-0.   0.   0. ]]
(1-cos(theta))*dot(Sn,Sn)
[[-0.1339746  0.         0.       ]
 [ 0.        -0.1339746  0.       ]
 [ 0.         0.         0.       ]]
dot
[[-1.  0.  0.]
 [ 0. -1.  0.]
 [ 0.  0.  0.]]
sum
[[-0.1339746 -0.5        0.       ]
 [ 0.5       -0.1339746  0.       ]
 [ 0.         0.         0.       ]]
R
[[ 0.8660254 -0.5        0.       ]
 [ 0.5        0.8660254  0.       ]
 [ 0.         0.         1.       ]]
RODRIGUES
n
[ 0.  0.  1.]
Sn
[[ 0. -1.  0.]
 [ 1.  0. -0.]
 [-0.  0.  0.]]
sin(theta)*Sn
[[ 0.        -0.8660254  0.       ]
 [ 0.8660254  0.        -0.       ]
 [-0.         0.         0.       ]]
(1-cos(theta))*dot(Sn,Sn)
[[-0.5  0.   0. ]
 [ 0.  -0.5  0. ]
 [ 0.   0.   0. ]]
dot
[[-1.  0.  0.]
 [ 0. -1.  0.]
 [ 0.  0.  0.]]
sum
[[-0.5       -0.8660254  0.       ]
 [ 0.8660254 -0.5        0.       ]
 [ 0.         0.         0.       ]]
R
[[ 0.5       -0.8660254  0.       ]
 [ 0.8660254  0.5        0.       ]
 [ 0.         0.         1.       ]]
RODRIGUES
n
[ 0.  0.  1.]
Sn
[[ 0. -1.  0.]
 [ 1.  0. -0.]
 [-0.  0.  0.]]
sin(theta)*Sn
[[ 0. -1.  0.]
 [ 1.  0. -0.]
 [-0.  0.  0.]]
(1-cos(theta))*dot(Sn,Sn)
[[-1.  0.  0.]
 [ 0. -1.  0.]
 [ 0.  0.  0.]]
dot
[[-1.  0.  0.]
 [ 0. -1.  0.]
 [ 0.  0.  0.]]
sum
[[-1. -1.  0.]
 [ 1. -1.  0.]
 [ 0.  0.  0.]]
R
[[  1.11022302e-16  -1.00000000e+00   0.00000000e+00]
 [  1.00000000e+00   1.11022302e-16   0.00000000e+00]
 [  0.00000000e+00   0.00000000e+00   1.00000000e+00]]
RODRIGUES
n
[ 0.  0.  1.]
Sn
[[ 0. -1.  0.]
 [ 1.  0. -0.]
 [-0.  0.  0.]]
sin(theta)*Sn
[[ 0.        -0.8660254  0.       ]
 [ 0.8660254  0.        -0.       ]
 [-0.         0.         0.       ]]
(1-cos(theta))*dot(Sn,Sn)
[[-1.5  0.   0. ]
 [ 0.  -1.5  0. ]
 [ 0.   0.   0. ]]
dot
[[-1.  0.  0.]
 [ 0. -1.  0.]
 [ 0.  0.  0.]]
sum
[[-1.5       -0.8660254  0.       ]
 [ 0.8660254 -1.5        0.       ]
 [ 0.         0.         0.       ]]
R
[[-0.5       -0.8660254  0.       ]
 [ 0.8660254 -0.5        0.       ]
 [ 0.         0.         1.       ]]
RODRIGUES
n
[ 0.  0.  1.]
Sn
[[ 0. -1.  0.]
 [ 1.  0. -0.]
 [-0.  0.  0.]]
sin(theta)*Sn
[[ 0.  -0.5  0. ]
 [ 0.5  0.  -0. ]
 [-0.   0.   0. ]]
(1-cos(theta))*dot(Sn,Sn)
[[-1.8660254  0.         0.       ]
 [ 0.        -1.8660254  0.       ]
 [ 0.         0.         0.       ]]
dot
[[-1.  0.  0.]
 [ 0. -1.  0.]
 [ 0.  0.  0.]]
sum
[[-1.8660254 -0.5        0.       ]
 [ 0.5       -1.8660254  0.       ]
 [ 0.         0.         0.       ]]
R
[[-0.8660254 -0.5        0.       ]
 [ 0.5       -0.8660254  0.       ]
 [ 0.         0.         1.       ]]
RODRIGUES
n
[ 0.  0.  1.]
Sn
[[ 0. -1.  0.]
 [ 1.  0. -0.]
 [-0.  0.  0.]]
sin(theta)*Sn
[[  0.00000000e+00  -1.22464680e-16   0.00000000e+00]
 [  1.22464680e-16   0.00000000e+00  -0.00000000e+00]
 [ -0.00000000e+00   0.00000000e+00   0.00000000e+00]]
(1-cos(theta))*dot(Sn,Sn)
[[-2.  0.  0.]
 [ 0. -2.  0.]
 [ 0.  0.  0.]]
dot
[[-1.  0.  0.]
 [ 0. -1.  0.]
 [ 0.  0.  0.]]
sum
[[ -2.00000000e+00  -1.22464680e-16   0.00000000e+00]
 [  1.22464680e-16  -2.00000000e+00   0.00000000e+00]
 [  0.00000000e+00   0.00000000e+00   0.00000000e+00]]
R
[[ -1.00000000e+00  -1.22464680e-16   0.00000000e+00]
 [  1.22464680e-16  -1.00000000e+00   0.00000000e+00]
 [  0.00000000e+00   0.00000000e+00   1.00000000e+00]]
RODRIGUES
n
[ 0.  0.  1.]
Sn
[[ 0. -1.  0.]
 [ 1.  0. -0.]
 [-0.  0.  0.]]
sin(theta)*Sn
[[-0.   0.5 -0. ]
 [-0.5 -0.   0. ]
 [ 0.  -0.  -0. ]]
(1-cos(theta))*dot(Sn,Sn)
[[-1.8660254  0.         0.       ]
 [ 0.        -1.8660254  0.       ]
 [ 0.         0.         0.       ]]
dot
[[-1.  0.  0.]
 [ 0. -1.  0.]
 [ 0.  0.  0.]]
sum
[[-1.8660254  0.5        0.       ]
 [-0.5       -1.8660254  0.       ]
 [ 0.         0.         0.       ]]
R
[[-0.8660254  0.5        0.       ]
 [-0.5       -0.8660254  0.       ]
 [ 0.         0.         1.       ]]
RODRIGUES
n
[ 0.  0.  1.]
Sn
[[ 0. -1.  0.]
 [ 1.  0. -0.]
 [-0.  0.  0.]]
sin(theta)*Sn
[[-0.         0.8660254 -0.       ]
 [-0.8660254 -0.         0.       ]
 [ 0.        -0.        -0.       ]]
(1-cos(theta))*dot(Sn,Sn)
[[-1.5  0.   0. ]
 [ 0.  -1.5  0. ]
 [ 0.   0.   0. ]]
dot
[[-1.  0.  0.]
 [ 0. -1.  0.]
 [ 0.  0.  0.]]
sum
[[-1.5        0.8660254  0.       ]
 [-0.8660254 -1.5        0.       ]
